# 入力形式
N
C[1] P[1]
C[2] P[2] 
 :
C[N] P[N]
Q
L[1] R[1]
L[2] R[2]
 :
L[Q] R[Q]

----------

# 入力例 1
7
1 72
2 78
2 94
1 23
2 89
1 40
1 75
1
2 6

# 出力例 1
63 261

----------

# 入力例 2
7
1 72
2 78
2 94
1 23
2 89
1 40
1 75
10
1 3
2 4
3 5
4 6
5 7
1 5
2 6
3 7
1 6
2 7

# 出力例 2
72 172
23 172
23 183
63 89
115 89
95 261
63 261
138 183
135 261
138 261

----------

# 入力例 3
1
1 100
3
1 1
1 1
1 1

# 出力例 3
100 0
100 0
100 0

----------

# 入力例 4
20
2 90
1 67
2 9
2 17
2 85
2 43
2 11
1 32
2 16
1 19
2 65
1 14
1 51
2 94
1 4
1 55
2 90
1 89
1 35
2 81
20
3 17
5 5
11 11
8 10
3 13
2 6
3 7
3 5
12 18
4 8
3 16
6 8
3 20
1 12
1 6
5 16
3 10
17 19
4 4
7 15

# 出力例 4
175 430
0 85
0 65
51 16
116 246
67 154
0 165
0 111
213 184
32 156
175 340
32 54
299 511
132 336
67 244
175 314
51 181
124 90
0 17
120 186