# 入力形式
N
D[1] C[1] S[1]
D[2] C[2] S[2]
 :
D[N] C[N] S[N]

----------

# 入力例 1
1
12 3 69853

# 出力例 1
69853

----------

# 入力例 2
3
7 3 200000
3 2 100000
5 3 150000

# 出力例 2
350000

----------

# 入力例 3
8
376 640 602876667
4015 1868 533609371
3330 152 408704870
1874 798 30417810
2 1450 40706045
3344 1840 801881841
2853 1229 5235900
458 1277 997429858

# 出力例 3
1744196082

----------

# 入力例 4
20
376 640 602876667
4015 868 533609371
3330 152 408704870
1874 798 30417810
2 450 40706045
3344 840 801881841
2853 229 5235900
458 277 997429858
1689 948 981897272
4774 393 997361572
4237 750 294800444
4663 293 277667068
2249 808 444906878
3341 137 845317003
3625 765 739689211
911 510 326127348
1343 193 235655766
842 323 406413067
1425 303 68833418
212 808 745744264

# 出力例 4
6583558066
※この入出力例は小課題 2, 3 のみの制約を満たします

----------

# 入力例 5
30
376 140 602876667
4015 368 533609371
3330 152 408704870
1874 298 30417810
2 450 40706045
3344 340 801881841
2853 229 5235900
458 277 997429858
1689 448 981897272
4774 393 997361572
4237 250 294800444
4663 293 277667068
2249 308 444906878
3341 137 845317003
3625 265 739689211
911 10 326127348
1343 193 235655766
842 323 406413067
1425 303 68833418
212 308 745744264
3563 376 196296968
4186 323 275217640
332 361 337078801
4466 245 694789156
3763 250 432518459
2937 124 581390864
2255 227 642944345
2851 480 688009163
1957 295 5532462
3277 445 15791361

# 出力例 5
11420667389
※この入出力例は小課題 3 のみの制約を満たします