# 入力形式
H W
Q
(1 個目のクエリ)
(2 個目のクエリ)
 :
(Q 個目のクエリ)

# クエリについて
T[i] = 1 の場合
> 1 x y
T[i] = 2 の場合
> 1 xa ya xb yb
といった形で入力が与えられます。

----------

# 入力例 1
3 3
10
1 2 2
1 1 1
2 1 1 2 2
1 3 2
2 1 1 2 2
2 2 2 3 2
1 2 3
1 2 1
2 1 1 2 2
2 1 1 3 3

# 出力例 1
No
No
Yes
Yes
No

----------

# 入力例 2
1 1
3
2 1 1 1 1
1 1 1
2 1 1 1 1

# 出力例 2
No
Yes
※そもそもマス (xa, ya) や (xb, yb) が塗られていない場合に注意してください。

----------

# 入力例 3
4 5
42
2 3 4 3 4
2 3 2 3 2
1 4 1
2 4 1 2 2
1 1 2
1 4 5
1 3 3
2 4 2 1 3
1 3 5
2 2 4 2 3
2 2 4 2 5
2 3 4 5 1
2 3 1 2 2
2 3 1 1 2
2 2 4 5 2
2 3 2 5 3
1 4 3
2 3 3 3 5
2 3 1 3 2
1 1 5
2 4 4 5 3
1 1 4
2 1 3 2 5
2 4 3 1 4
2 2 3 3 3
1 2 1
1 2 5
2 1 4 5 3
2 4 4 2 5
2 4 2 2 4
1 2 2
2 4 1 5 2
1 2 4
2 3 1 4 1
1 4 4
2 3 2 2 1
2 1 1 5 2
1 4 2
2 4 2 3 5
1 3 2
1 3 4
1 2 3

# 出力例 3
No
No
No
No
No
No
No
No
No
No
No
No
No
No
No
No
No
No
No
No
No
No
No
No
Yes