# 入力形式
N M
A[1] B[1] C[1]
A[2] B[2] C[2]
 :
A[M] B[M] C[M]

----------

# 入力例 1
7 9
1 2 2
1 3 3
2 5 2
3 4 1
3 5 4
4 7 5
5 6 1
5 7 6
6 7 3

# 出力例 1
8
8
9
9
8
8
8

----------

# 入力例 2
4 3
1 2 1
2 3 10
3 4 100

# 出力例 2
111
111
111
111

----------

# 入力例 3
4 3
1 2 314
1 3 159
1 4 265

# 出力例 3
265
893
583
265

----------

# 入力例 4
20 40
1 2 479
2 3 665
3 4 154
4 5 269
5 6 501
6 7 998
7 8 992
8 9 904
9 10 763
10 11 254
11 12 591
12 13 869
13 14 843
14 15 683
15 16 708
16 17 410
17 18 88
18 19 352
19 20 566
4 8 308
3 19 573
8 14 566
10 14 766
5 16 76
3 11 887
2 6 433
5 8 570
6 15 151
4 11 737
9 17 18
4 12 900
1 17 208
15 20 973
11 15 317
13 17 260
1 7 245
6 10 38
10 12 860
2 16 442
4 20 255

# 出力例 4
1214
1521
1526
1218
1218
1937
1704
1693
1250
2013
2196
2492
1734
2440
2036
1218
1214
1214
1214
1214
