# 入力形式
W N
l[1] r[1]
l[2] r[2]
 :
l[N] r[N]

----------

# 入力例 1
100 4
27 100
8 39
83 97
24 75

# 出力例 1
1
2
2
3

----------

# 入力例 2
3 5
1 2
2 2
2 3
3 3
1 2

# 出力例 2
1
2
3
4
4

----------

# 入力例 3
10 10
1 3
3 5
5 7
7 9
2 4
4 6
6 8
3 5
5 7
4 6

# 出力例 3
1
2
3
4
3
4
5
5
6
7

----------

# 入力例 4
500000 7
1 500000
500000 500000
1 500000
1 1
1 500000
500000 500000
1 500000

# 出力例 4
1
2
3
4
5
6
7
※この入力例は小課題 2, 3 の制約のみを満たします。
