# 入力形式
N
A[1] B[1]
A[2] B[2]
 :
A[N-1] B[N-1]
Q
K[1] V[1][1] V[1][2] ... V[1][K[1]]
K[2] V[2][1] V[2][2] ... V[2][K[2]]
 :
K[Q] V[Q][1] V[Q][2] ... V[Q][K[Q]]

----------

# 入力例 1
6
1 2
2 3
3 4
1 5
3 6
5
2 1 2
3 1 3 5
4 2 3 4 5
5 1 2 3 5 6
6 1 2 3 4 5 6

# 出力例 1
1
3
4
4
5
※小課題 1, 4 のみの制約を満たします

----------

# 入力例 2
6
1 2
2 3
3 4
1 5
3 6
5
2 1 2
2 3 4
2 4 6
2 1 5
2 2 5

# 出力例 2
1
1
2
1
2
※小課題 1, 2, 4 のみの制約を満たします

----------

# 入力例 3
6
1 2
2 3
3 4
1 5
3 6
5
3 1 2 3
3 1 2 5
3 1 3 6
3 3 4 5
3 4 5 6

# 出力例 3
2
2
3
4
5
※小課題 1, 3, 4 のみの制約を満たします