# 入力形式
N
X[1] Y[1]
X[2] Y[2]
 :
X[N] Y[N]

----------

# 入力例 1
3
1 4
6 1
5 8

# 出力例 1
17

----------

# 入力例 2
3
2 2
2 3
3 2

# 出力例 2
0

----------

# 入力例 3
3
2 39
39 35
17 5

# 出力例 3
599

----------

# 入力例 4
10
72 7
54 25
97 48
37 47
34 54
4 16
62 1
59 22
99 73
34 75

# 出力例 4
4828
※小課題 2, 3 の制約のみを満たします

----------

# 入力例 5
30
878317816 654163251
686185971 65193664
421988001 893301255
337790787 848308131
116633641 453711858
147679897 275450390
871549713 368160131
945135251 515070794
113677189 553747963
648722370 798825746
334960984 163211483
477414168 849868430
46724716 593116536
424597820 84043071
456749260 981436379
167906984 546584517
187306934 201207913
535850448 43428774
602081737 111568378
607467836 80430906
965538187 537789555
69199019 485172741
267885487 934316143
883812229 276272851
507976072 19708905
951100460 639017801
43859603 556279043
300658736 79240016
231304846 220059094
854667690 399502355

# 出力例 5
607281204170558988
※小課題 3 の制約のみを満たします