# 入力形式
N
Q
T_1 X_1 Y_1 V_1
 :
T_Q X_Q Y_Q V_Q

# 出力形式
T[i] = 1 のイベントの答えを順に出力してください。

----------

# 入力例 1
4
7
0 1 2 3
1 1 2 1
1 3 4 5
0 3 4 6
1 3 4 5
0 2 3 6
1 3 1 5

# 出力例 1
2
Ambiguous
1
2

----------

# 入力例 2
15
25
0 11 12 41
0 1 2 159
0 14 15 121
0 4 5 245
0 12 13 157
0 9 10 176
0 6 7 170
0 2 3 123
0 7 8 167
0 3 4 159
1 12 11 33
0 10 11 116
0 8 9 161
1 9 12 68
1 12 12 33
1 7 12 74
0 5 6 290
1 8 9 93
0 13 14 127
1 10 12 108
1 14 1 3
1 13 8 124
1 12 11 33
1 12 10 33
1 5 15 194

# 出力例 2
8
33
33
33
68
33
144
93
8
108
118
