# 入力形式
N T
AX[1] AY[1]
:
AX[N] AY[N]
BX[1] BY[1]
:
BX[N] BY[N]

# 出力形式
向きの組合せが存在しない場合
> No
向きの組合せが存在する場合（D[i] は飛行機 i の向き）
> Yes
> D[1] D[2] ... D[N]

----------

# 入力例 1
3 2
3 3
5 5
9 2
11 2
5 5
3 3

# 出力例 1
Yes
2 6 1

----------

# 入力例 2
3 2
3 3
5 5
9 2
11 1000000000
5 5
3 3

# 出力例 2
No

----------

# 入力例 3
20 774
540130346 269080121
139837096 165633078
731188937 784167460
18996195 52176517
153153670 738204723
179733158 825294112
698198250 713974773
449248931 563096572
249863070 242694893
428066819 476630383
554127636 460973490
389988495 32320086
889782910 956212985
43905938 212030305
638141790 667879166
985957895 358743012
971007109 827787244
804625543 141347414
905270323 167192824
614855582 963943648
179733932 825294886
731188163 784166686
153154444 738205497
554128410 460973490
804626317 141348188
449249705 563096572
540129572 269079347
638142564 667878392
614855582 963944422
18996969 52177291
971007109 827788018
889782910 956213759
43906712 212031079
389987721 32319312
139836322 165633078
428067593 476631157
905271097 167192824
249862296 242694893
985958669 358742238
698199024 713975547

# 出力例 3
Yes
6 5 6 2 2 2 2 1 5 2 1 6 3 2 8 8 3 2 1 3
