# 入力形式
N P K
A[1][1] ... A[1][N]
⋮
A[N][1] ... A[N][N]

#出力
チョクダイ国王の意向を満たすような正整数 X の個数が有限個ならばその個数を、
無限個ならば `Infinity` と出力してください。

----------

# 入力例 1
3 4 2
0 3 -1
3 0 5
-1 5 0


# 出力例 1
3

----------

# 入力例 2
3 10 2
0 -1 10
-1 0 1
10 1 0

# 出力例 2
Infinity

----------

# 入力例 3
13 777 77
0 425 886 764 736 -1 692 660 -1 316 424 490 423
425 0 -1 473 -1 311 -1 -1 903 941 386 521 486
886 -1 0 605 519 473 775 467 677 769 690 483 501
764 473 605 0 424 454 474 408 421 530 756 568 685
736 -1 519 424 0 -1 804 598 911 731 837 459 610
-1 311 473 454 -1 0 479 613 880 -1 393 875 334
692 -1 775 474 804 479 0 579 -1 -1 575 985 603
660 -1 467 408 598 613 579 0 456 378 887 -1 372
-1 903 677 421 911 880 -1 456 0 859 701 476 370
316 941 769 530 731 -1 -1 378 859 0 800 870 740
424 386 690 756 837 393 575 887 701 800 0 -1 304
490 521 483 568 459 875 985 -1 476 870 -1 0 716
423 486 501 685 610 334 603 372 370 740 304 716 0


# 出力例 3
42


